
001.54
005.0
013
018
019
024
029
100.0
070.2
070.3
804
132
220.0
611.124
611.125
611.126
136
611.131
611.132
611.133
517
151
426
308
309
427.2
427.3
427.4
524
427.5
612.4671
427.6
427.7
427.8
157
237
244
245
259
544
181.0
545
818.9
819
821.09
574
329
291
589
332.40
625
439
921
922
923
925
926
927
928
447.90
839.0
839.32
839.33
839.34
459
839.37
839.38
656
655
654
651.1
651.24
651.262
651.264
760.9
651.32
651.373
651.38
651.4
636.0813
636.0817
636.0818
469
651.513
651.52
651.533
636.08243
651.54
651.55
651.56
651.6
651.71
778
636.0843
479
636.297
487.8
636.70
489
641.1
636.80
789
968.1
968.6
396
492.451
882.09
882.2
891.54
891.57
797.21
376
377
491.54
491.6276
491.6277
491.76
491.6278
491.6279
491.58
491.6371
491.85703
491.6372
491.6373
491.6374
491.69
